  log                        4450     4.4281E-32     3.1582E-33
  log10                      4450     2.9182E-32     2.9709E-33
  asinh                      7998     2.1391E-29     1.6175E-32
  acosh                      2650     3.2327E-32     1.8325E-33
  cdd_log_re                 3981     1.4213E-30     3.3262E-33
  cdd_log_im                 3981     1.7544E-32     1.0619E-33
  exp                        5524     9.0054E-30     1.1968E-31
  sin                        4832     4.9792E-32     2.6353E-33
  cos                        4832     3.7895E-32     2.1564E-33
  tan                        4832     5.8407E-32     4.3764E-33
  sinh                       4254     9.0054E-30     1.8112E-31
  cosh                       4254     9.0054E-30     1.8852E-31
  tanh                       4254     4.0490E-30     2.8966E-32
  atanh                      3687     5.9121E-29     6.9416E-32
  cdd_exp_re                  846     6.9872E-30     1.9795E-31
  cdd_exp_im                  846     2.0002E-29     2.2013E-31
  cdd_sin_re                  846     7.6528E-30     2.5479E-31
  cdd_sin_im                  846     7.6520E-30     2.8929E-31
  cdd_cos_re                  846     7.6520E-30     2.9008E-31
  cdd_cos_im                  846     7.6528E-30     2.4942E-31
  cdd_sinh_re                 846     7.3511E-30     2.2176E-31
  cdd_sinh_im                 846     2.0002E-29     2.4722E-31
  cdd_cosh_re                 846     6.9872E-30     2.2770E-31
  cdd_cosh_im                 846     2.0002E-29     2.4202E-31
  cdd_tan_re                  673     6.5582E-30     7.3377E-32
  cdd_tan_im                  673     1.2844E-29     2.4707E-31
  cdd_tanh_re                 673     1.2170E-29     1.9706E-31
  cdd_tanh_im                 673     6.3900E-30     7.1778E-32
