  k     ri  max_rel    time_s
--------------------------------
    16     0  1.240e-31  0.00000
    16     4  3.281e-32  0.00000
    16     8  3.281e-32  0.00000
    16    16  1.240e-31  0.00000
    16    32  1.240e-31  0.00000
    16    64  1.240e-31  0.00000
--------------------------------
    64     0  2.871e-31  0.00000
    64     4  2.871e-31  0.00000
    64     8  2.871e-31  0.00000
    64    16  2.871e-31  0.00000
    64    32  2.871e-31  0.00000
    64    64  2.871e-31  0.00000
--------------------------------
   256     0  8.259e-30  0.00000
   256     4  4.230e-30  0.00000
   256     8  4.734e-30  0.00000
   256    16  3.827e-30  0.00000
   256    32  2.014e-30  0.00000
   256    64  8.259e-30  0.00000
--------------------------------
  1024     0  3.185e-29  0.00001
  1024     4  1.652e-29  0.00001
  1024     8  4.883e-30  0.00001
  1024    16  1.153e-29  0.00001
  1024    32  7.584e-30  0.00001
  1024    64  3.253e-30  0.00001
--------------------------------
  4096     0  2.023e-29  0.00007
  4096     4  3.672e-30  0.00008
  4096     8  1.662e-30  0.00006
  4096    16  1.574e-30  0.00004
  4096    32  3.852e-30  0.00004
  4096    64  5.802e-30  0.00004
--------------------------------
 16384     0  4.833e-29  0.00017
 16384     4  2.857e-29  0.00023
 16384     8  1.478e-29  0.00020
 16384    16  3.596e-29  0.00018
 16384    32  5.302e-29  0.00018
 16384    64  1.524e-28  0.00017
--------------------------------
 65536     0  1.528e-28  0.00070
 65536     4  1.581e-29  0.00119
 65536     8  3.235e-30  0.00073
 65536    16  6.941e-30  0.00070
 65536    32  1.156e-29  0.00071
 65536    64  1.536e-29  0.00068
--------------------------------
